63
6c
63
2c
63
6c
65
61
72
0d
0a
66
69
64
54
70
4d
20
3d
20
66
6f
70
65
6e
28
22
44
3a
5c
70
72
6f
6a
5c
4c
54
45
5c
77
72
69
74
65
74
6f
66
69
6c
65
5c
63
32
66
2e
6d
22
2c
22
72
22
29
3b
0d
0a
0d
0a
41
20
3d
20
66
72
65
61
64
28
66
69
64
54
70
4d
29
3b
0d
0a
73
7a
20
3d
20
73
69
7a
65
28
41
29
3b
0d
0a
0d
0a
6e
75
6d
50
65
72
46
69
6c
65
20
3d
20
32
30
30
2f
32
3b
20
25
20
38
62
69
74
20
70
65
72
20
63
68
61
72
0d
0a
6e
75
6d
46
69
6c
65
20
3d
20
63
65
69
6c
28
73
7a
28
31
29
2f
6e
75
6d
50
65
72
46
69
6c
65
29
3b
20
25
20
35
31
38
34
30
30
20
64
61
74
61
0d
0a
6e
75
6d
44
69
72
20
3d
20
63
65
69
6c
28
6e
75
6d
46
69
6c
65
2f
31
30
30
30
29
3b
0d
0a
74
6d
70
5f
69
20
3d
20
30
3b
0d
0a
63
6e
74
44
69
72
20
3d
20
30
3b
0d
0a
66
6f
72
20
69
3d
20
31
20
3a
20
6e
75
6d
46
69
6c
65
0d
0a
20
20
20
20
73
74
72
20
3d
20
5b
5d
3b
0d
0a
20
20
20
20
69
66
20
6d
6f
64
28
69
2c
31
30
30
30
29
20
3d
3d
20
31
0d
0a
20
20
20
20
20
20
20
20
63
6e
74
44
69
72
20
3d
20
63
6e
74
44
69
72
20
2b
20
31
0d
0a
20
20
20
20
20
20
20
20
73
74
72
44
69
72
20
3d
20
5b
6e
75
6d
32
73
74
72
28
63
6e
74
44
69
72
2c
27
25
30
32
64
27
29
5d
3b
0d
0a
20
20
20
20
20
20
20
20
69
66
20
7e
65
78
69
73
74
28
73
74
72
44
69
72
2c
27
64
69
72
27
29
0d
0a
20
20
20
20
20
20
20
20
20
20
20
20
6d
6b
64
69
72
28
73
74
72
44
69
72
29
3b
0d
0a
20
20
20
20
20
20
20
20
65
6e
64
0d
0a
20
20
20
20
65
6e
64
0d
0a
20
20
20
20
66
6f
72
20
6a
20
3d
20
31
20
3a
20
6e
75
6d
50
65
72
46
69
6c
65
0d
0a
20
20
20
20
20
20
20
20
69
66
20
28
28
69
2d
31
29
2a
6e
75
6d
50
65
72
46
69
6c
65
20
2b
20
6a
29
20
3e
20
73
7a
28
31
29
0d
0a
20
20
20
20
20
20
20
20
20
20
20
20
62
72
65
61
6b
3b
0d
0a
20
20
20
20
20
20
20
20
65
6e
64
0d
0a
20
20
20
20
20
20
20
20
73
74
72
20
3d
20
5b
6e
75
6d
32
73
74
72
28
41
28
28
69
2d
31
29
2a
6e
75
6d
50
65
72
46
69
6c
65
20
2b
20
6a
29
2c
27
25
30
32
78
27
29
2c
73
74
72
5d
3b
0d
0a
20
20
20
20
20
20
20
20
69
66
20
20
28
28
69
2d
31
29
2a
6e
75
6d
50
65
72
46
69
6c
65
20
2b
20
6a
29
20
3e
20
73
7a
28
31
29
0d
0a
20
20
20
20
20
20
20
20
20
20
20
20
62
72
65
61
6b
3b
0d
0a
20
20
20
20
20
20
20
20
65
6e
64
0d
0a
20
20
20
20
65
6e
64
0d
0a
20
20
20
20
73
74
72
20
3d
20
5b
6e
75
6d
32
73
74
72
28
6d
6f
64
28
28
69
2d
31
29
2c
31
30
30
30
29
2c
27
25
30
34
64
27
29
2c
27
5f
27
2c
73
74
72
5d
3b
0d
0a
20
20
20
20
66
69
64
3d
66
6f
70
65
6e
28
5b
73
74
72
44
69
72
2c
27
2f
27
2c
73
74
72
5d
2c
27
77
27
29
3b
0d
0a
20
20
20
20
66
63
6c
6f
73
65
28
66
69
64
29
3b
20
20
20
20
0d
0a
20
20
20
20
69
66
20
20
28
28
69
2d
31
29
2a
6e
75
6d
50
65
72
46
69
6c
65
20
2b
20
6a
29
20
3e
20
73
7a
28
31
29
0d
0a
20
20
20
20
20
20
20
20
62
72
65
61
6b
3b
0d
0a
20
20
20
20
65
6e
64
0d
0a
65
6e
64
20
